100220201211320213320234443130434044032001325453143152212012014104304112242220403132120032212221200
100001103331222120101401002043312400242324343512114421334254424202402414243330243231012312121221001
222011031103220022432241130104420242245532254424551112455141231554034243310141313330300101000120112
121101311211103201013024421030102544214322512354515322133531332122121100004121412331110032000231222
221223023332001023144412100142135551213132315541154522151232134411233444030044421000102200332233202
101123000120322010222020431212552154114555155432312243522531415443335444513300203121034021233311101
201120102133120213212110042113253512123412522312252523551551512115442444134034123220414232300211231
001111200122003103340404445451232221524145443345363344311152441443433131313512244133404323131212022
200223021334300031121153541524232123222344643246353324242543654554343241534515542131142202113312230
010010330330412103330345555455251454362563642535335266235226226353123152155443120303142444111121232
232301031224201202242525253135543324223444426453452332253426654524614433533135224002343010400310101
033203322042021234125425135322235344452352426225524536254643335525543354553531134250411230021121320
323232034003220133243351542125363454543634422255325626652656242544234653311334151151420223411103000
131302040302040024143314542546222464456553643666323353634243243664335535632554424344540034321110210
322231110231340454541225453243536523436323564225344365352636423234546266232442221253350122412442202
332113131110203341352524526543235446433555455463375656743764232562634436253441243352424010303224012
030224204110211355451345365343362233564466336753735343676367546324264565642331421133535122422000230
032120242212221224411435632443334262645336445754457754754446676555664354635546242131523453100124121
031320213024141213151663522224252546335363543736743774654755636535763366456224522232512344432004042
204032332423324415512346623336655736663353775355676576446545445577554645636452565132315215313321313
000402232223455431332226664426763667737467547677543534475373745345377375363435426423432512141020203
344404001411252311554524433565573655367377453664454554543557654467533536363624264443244441422302220
402144125542443255635226362567454443536633535874658466878677677566373544346353426444125135221413044
002024404243323452522635436774637455653558686858886758454667574357373535755656225656454554325311141
431210255331331422554233664443377675376866884446457665444465656374437374356524254524551215453522032
122314245431113363454223635435355774787475545577454866758464548464635657465762634434645555511514120
241200141454215533534444567474654578775866664854667474748487485876553676635644224443634554241242314
143440454125415265255247776563736468585847847556785856755547488845685356657555446622655453244241401
340423211451332252363246366746658874587778588688754756584687644748644566567773624533354325533441214
002204213451552336343335435775764558658464566758596667668888447657858635555674365522526244354341411
223342513424264334445644675334485885877768599698575588985556864867478473445453357363446453521345241
400112222232222463537637343444474656746598588679796568686957854564475667646673464336334635335344212
101312353124625525266347477466574875549998779585796687958789856487466485774733443342263363533232344
434113552222553456463644436868644848455855969798557578866978576547648877584676434533325235224441220
441243531254453552756635765678688564596587799968976589987579958576668568766443466465626333425112523
301444551236645556476675557484675777755589789756675879978998867676876777887345643553563335225312344
234322252556253645534344575887847656669758588798786778987555877578787757845557437367656245425444221
132432331326336555435743648757884856659676959677689968766667596967576656576765334433336243455315213
315152251263534453577644846657757699585659878967767669787695659669957445886575667675423426635224124
144413352326452656636776477846869886878668868989886976977988776578979786887477357676456362241221511
141343346225556337556576468864889585967989789768896878786798757856799746776545373454532325542222432
022323114522443466473345746568777997597788876986786898799997696878788687574774757663622262625513453
221122234435352773576648484858765557687969789666999666977998788589856786455654667774675434553512314
124533345564433645564675745465995868667667667896897886997899896799777775557664447545533666523132444
223233553565265747655356867487555555868796887898898897979689769999665675578555655657645663655443353
511255443243352735334764784868797869687687966778898897977968667758796678485688563576674333454553441
552531266322553443473647867579755767796786778898899977887698969956976656485665645755436554625623543
541253252343426636576678458766878687687976668989787779978787996686797998657657853465353235652651343
434332263245456755453567887568898587986766688777898979888666889896979898745667464364374366252312432
125154525456263756347757846486756855869779877889779998799777666887665678574456547665634362226332323
221431445632353556475565455459965976867996889889898977978866896969577557856756436456575236323342323
541523225326337367365684558767898689697798699789889988989866898869766678488886445354767364455343154
531441134535666765435774758567777758668688777899789877879997966686798796487865477635365653643222142
153424135362226774667665465585966799786766777898998887777667999789676588555654634337565252665454532
435513453356634346463347575647877965867998799977877779999968988996757577776588444734573423644614234
153112112626422466773364767656855685598966997889787977999779897795978758785684654634575624323543322
211554222426653556754378688445856757967977667798799997999768686966599686854648556377666432565315543
415323254266625337334737587458958987859679968868797776968976968985868786647844376543362626266544544
435243232244362437474564877447659899566788989678767976797868769555586695788457676753674355666315445
143512522442325677337478855776468959885999676699786766666988798957976658845856633757346332455221323
315145252223555275646668646474687889857578676788988868897669896957799746456584673366665423265123552
411232125624632634334534648478677756795687866777699888886786575769579664585556436355745646335454532
452535435253353674747444786456546995669668989668868788797887886696678788688684746765763533264522324
012252311663246335656645684686866596655655798798686999787766595576966647567463474457234222222215523
102352254344425234377463747578774677998678685686988877779785677999847588666676747434654465235544145
241353531356323523463446566887845467555587567956777988985795876995787758444355737365632525314222312
142321213352433266775736735574887678687775566876667688867766565957884668584773574634622455253153224
031442124142446444646564633684746658867878659788666959675898775655756567563537733362326455525211341
232142551424525643646353346678648687749598659765977566785755957764777575544354463623365625114244240
310245234511335255234457454638678774548788887687575597969788744846758454433667457435262622545211203
131411445114665555637445756657758576545648756995795565956767844468767785465664736323336354443353522
012442145431346663662663553544455845445878464699798885684487555748855474774335666343663632513224221
201304553242422532256337735775766485778865787664774848565774664547485467746375744263453544154534243
024322553241513552523657564544564785568555668587475847874657885478646574533477465442324552232452440
221211331235313456466556376757755568744886576555886558858664846656753477477663323456646545123240221
341032033143344356236235653337376654548667445876775654584455448685737346637762555532465415512221130
404113411151231245242226643434646647376554556474758784856455586677664666535244633334325214214540242
200204202422122515363356465334667553435364546845558847574584865576646735433346624452331233433234113
132010031323124152446353223246776343733763367484786584788634536354445633635363466462424533144121401
100222444125343115254566533533433337334373743665364475774536737445377433553223333644254155451331440
012011044011454225165632524446677334673455546757455556577343567464537764525644454614144433212321342
322324333231451233552364436436356657366564474474343634435377357763666255635245554133134422132330330
012241011205413412442353644662526235653467346365574773676756467666725535435455632322412354142312312
103442331204431542533312632243364333563336343536657637645466634534644553243343214122321532401411320
123021012040334142242444353523364556543766543465374744477373457425645365464561441224345404140242333
333224410103122513215533234265625523222355564774364776463435564364334532444224224433514334200122220
112110121031311155111544316246534426433536243536377746462226343652356545463545244322442010104120320
010100441424244433445551153552622352354645643463424266224244663652626352351131322245414121410411331
001111242112203324445444422314445646524454562425425352245546533642646344353423224421002443030220133
130031300130141311411113421125444563334536626445522356344434233442343325522121233553012324331202131
231230131144424440105254344531351244344625654425233252665646445453353431253122243140242124301023000
023323010203212431020155135132222511232436544644462464262436665223253512442352142441304203430303232
100320100321441224333124542424124224422335253344356246664355235123522452453511324211410022321032032
211023020021244114011304132234352154513231121332536542535543151455453153151112213333140011322230123
120022101212101121043322103551314433541243425335533154132111522535524321543314444134211000113210011
002223133013133220432400433111241313522114134511115432454244211232115213102040102301431323301223301
211012002303210101012031321123111314453415211245422541342524342114225413144430103041301121021330212
202022011111103210010234423030443513435551242432331415112211423243431121033220103444213110031110212
221110210003032000301034021140332131551434252115421144353511443423222143042422220111233203311200201